Case #1: 33.333333 66.666667 
Case #2: 0.000000 100.000000 
Case #3: 25.0 25.0 25.0 25.0 
Case #4: 68.000000 60.000000 72.000000 
Case #5: 100.000000 100.000000 100.000000 100.000000 0.000000 100.000000 100.000000 100.000000 
Case #6: 50.0 50.0 
Case #7: 73.498965 72.463768 72.877847 73.706004 73.498965 72.049689 72.463768 61.283644 74.120083 73.913043 
Case #8: 10.0 10.0 10.0 10.0 10.0 10.0 10.0 10.0 10.0 10.0 
Case #9: 33.181818 44.772727 45.227273 44.772727 44.772727 45.227273 44.772727 44.545455 
Case #10: 78.782288 81.918819 81.918819 80.996310 81.549815 77.306273 76.383764 78.966790 80.811808 
Case #11: 47.272727 52.727273 
Case #12: 33.472803 66.527197 66.527197 66.527197 66.527197 33.054393 33.054393 
Case #13: 66.666667 33.333333 
Case #14: 79.639640 79.459459 80.360360 79.279279 81.441441 79.099099 78.918919 81.801802 79.459459 77.837838 
Case #15: 100.000000 100.000000 100.000000 100.000000 100.000000 100.000000 100.000000 100.000000 100.000000 0.000000 
Case #16: 78.032787 99.344262 97.704918 85.245902 90.819672 89.836066 88.196721 99.344262 87.540984 80.655738 
Case #17: 86.206897 13.793103 
Case #18: 16.666666666666668 16.666666666666668 16.666666666666668 16.666666666666668 16.666666666666668 16.666666666666668 
Case #19: 0.000000 100.000000 
Case #20: 49.501661 24.916944 25.249169 25.249169 49.501661 25.249169 49.833887 49.501661 49.501661 
