Case #1: 33.333333 66.666667 
Case #2: 0.000000 100.000000 
Case #3: 25.0 25.0 25.0 25.0 
Case #4: 68.000000 60.000000 72.000000 
Case #5: 100.000000 100.000000 100.000000 100.000000 0.000000 100.000000 100.000000 100.000000 
Case #6: 50.0 50.0 
Case #7: 91.511387 90.476190 90.890269 91.718427 91.511387 90.062112 90.476190 79.296066 92.132505 91.925466 
Case #8: 10.0 10.0 10.0 10.0 10.0 10.0 10.0 10.0 10.0 10.0 
Case #9: 77.272727 88.863636 89.318182 88.863636 88.863636 89.318182 88.863636 88.636364 
Case #10: 87.822878 90.959410 90.959410 90.036900 90.590406 86.346863 85.424354 88.007380 89.852399 
Case #11: 47.272727 52.727273 
Case #12: 66.945607 100.000000 100.000000 100.000000 100.000000 66.527197 66.527197 
Case #13: 66.666667 33.333333 
Case #14: 89.909910 89.729730 90.630631 89.549550 91.711712 89.369369 89.189189 92.072072 89.729730 88.108108 
Case #15: 100.000000 100.000000 100.000000 100.000000 100.000000 100.000000 100.000000 100.000000 100.000000 0.000000 
Case #16: 78.360656 99.672131 98.032787 85.573770 91.147541 90.163934 88.524590 99.672131 87.868852 80.983607 
Case #17: 86.206897 13.793103 
Case #18: 16.666666666666668 16.666666666666668 16.666666666666668 16.666666666666668 16.666666666666668 16.666666666666668 
Case #19: 0.000000 100.000000 
Case #20: 99.667774 75.083056 75.415282 75.415282 99.667774 75.415282 100.000000 99.667774 99.667774 
